{"metadata":{"name":"LEGO 76331 Batman v Superman Batmobile","source":"https://www.mecabricks.com/en/models/79a8M0nw28w","parts":225,"uniqueGeometries":95,"groups":96},"bounds":{"min":[-44.0,3.2,-92.0],"max":[52.0,45.9212,76.0],"center":[4.0,24.5606,-8.0],"size":[96.0,42.7212,168.0]},"materials":{"1":{"hex":"#F4F4F4","name":"White","kind":"solid","transparent":false},"23":{"hex":"#2653A7","name":"Bright Blue","kind":"solid","transparent":false},"26":{"hex":"#101010","name":"Black","kind":"solid","transparent":false},"40":{"hex":"#EEEEEE","name":"Transparent","kind":"transparent","transparent":true},"41":{"hex":"#9C0010","name":"Tr. Red","kind":"transparent","transparent":true},"191":{"hex":"#FCB100","name":"Flame Yellowish Orange","kind":"solid","transparent":false},"283":{"hex":"#FAD1B1","name":"Light Nougat","kind":"solid","transparent":false},"297":{"hex":"#A68031","name":"Warm Gold","kind":"pearlescent","transparent":false},"375":{"hex":"#5A6164","name":"Tr. Black","kind":"transparent","transparent":true},"9001":{"hex":"#AEAFAF","name":"Pearl Titanium","kind":"pearlescent","transparent":false},"9002":{"hex":"#B5B6B6","name":"Light Bluish Gray","kind":"solid","transparent":false}},"geometries":[{"path":"g/0.json"},{"path":"g/1.json"},{"path":"g/2.json"},{"path":"g/3.json"},{"path":"g/4.json"},{"path":"g/5.json"},{"path":"g/6.json"},{"path":"g/7.json"},{"path":"g/8.json"},{"path":"g/9.json"},{"path":"g/10.json"},{"path":"g/11.json"},{"path":"g/12.json"},{"path":"g/13.json"},{"path":"g/14.json"},{"path":"g/15.json"},{"path":"g/16.json"},{"path":"g/17.json"},{"path":"g/18.json"},{"path":"g/19.json"},{"path":"g/20.json"},{"path":"g/21.json"},{"path":"g/22.json"},{"path":"g/23.json"},{"path":"g/24.json"},{"path":"g/25.json"},{"path":"g/26.json"},{"path":"g/27.json"},{"path":"g/28.json"},{"path":"g/29.json"},{"path":"g/30.json"},{"path":"g/31.json"},{"path":"g/32.json"},{"path":"g/33.json"},{"path":"g/34.json"},{"path":"g/35.json"},{"path":"g/36.json"},{"path":"g/37.json"},{"path":"g/38.json"},{"path":"g/39.json"},{"path":"g/40.json"},{"path":"g/41.json"},{"path":"g/42.json"},{"path":"g/43.json"},{"path":"g/44.json"},{"path":"g/45.json"},{"path":"g/46.json"},{"path":"g/47.json"},{"path":"g/48.json"},{"path":"g/49.json"},{"path":"g/50.json"},{"path":"g/51.json"},{"path":"g/52.json"},{"path":"g/53.json"},{"path":"g/54.json"},{"path":"g/55.json"},{"path":"g/56.json"},{"path":"g/57.json"},{"path":"g/58.json"},{"path":"g/59.json"},{"path":"g/60.json"},{"path":"g/61.json"},{"path":"g/62.json"},{"path":"g/63.json"},{"path":"g/64.json"},{"path":"g/65.json"},{"path":"g/66.json"},{"path":"g/67.json"},{"path":"g/68.json"},{"path":"g/69.json"},{"path":"g/70.json"},{"path":"g/71.json"},{"path":"g/72.json"},{"path":"g/73.json"},{"path":"g/74.json"},{"path":"g/75.json"},{"path":"g/76.json"},{"path":"g/77.json"},{"path":"g/78.json"},{"path":"g/79.json"},{"path":"g/80.json"},{"path":"g/81.json"},{"path":"g/82.json"},{"path":"g/83.json"},{"path":"g/84.json"},{"path":"g/85.json"},{"path":"g/86.json"},{"path":"g/87.json"},{"path":"g/88.json"},{"path":"g/89.json"},{"path":"g/90.json"},{"path":"g/91.json"},{"path":"g/92.json"},{"path":"g/93.json"},{"path":"g/94.json"}],"groups":[{"g":0,"c":[9001],"i":[{"m":[0.98451,-0.15623,0.0796,0.0,0.12398,0.94129,0.314,0.0,-0.12398,-0.29926,0.94608,0.0,-2.265,23.48698,-18.26053,1.0],"b":1}]},{"g":1,"c":[9001],"i":[{"m":[0.98451,-0.15621,0.07961,0.0,0.08749,0.83121,0.54903,0.0,-0.15194,-0.53356,0.832,0.0,-6.259,15.48086,-9.702,1.0],"b":1},{"m":[0.98451,0.15621,-0.07961,0.0,-0.08749,0.83121,0.54903,0.0,0.15194,-0.53356,0.832,0.0,14.259,15.48086,-9.702,1.0],"b":1}]},{"g":2,"c":[9001],"i":[{"m":[0.98451,0.15623,-0.0796,0.0,-0.12398,0.94129,0.314,0.0,0.12398,-0.29926,0.94608,0.0,10.265,23.48698,-18.26053,1.0],"b":1}]},{"g":3,"c":[9001,1],"i":[{"m":[1.0,0.0,0.0,0.0,0.0,0.89101,-0.45399,0.0,0.0,0.45399,0.89101,0.0,4.0,36.86099,-25.07493,1.0],"b":1}]},{"g":4,"c":[283],"i":[{"m":[1.0,0.0,0.0,0.0,0.0,0.89101,-0.45399,0.0,0.0,0.45399,0.89101,0.0,4.0,28.30733,-20.71662,1.0],"b":1}]},{"g":5,"c":[9001],"i":[{"m":[1.0,0.0,0.0,0.0,0.0,0.89101,-0.45399,0.0,0.0,0.45399,0.89101,0.0,4.0,15.47683,-14.17915,1.0],"b":1}]},{"g":6,"c":[26],"i":[{"m":[1.0,0.0,0.0,0.0,0.0,0.89101,-0.45399,0.0,0.0,0.45399,0.89101,0.0,4.0,27.95092,-20.53502,1.0],"b":1}]},{"g":7,"c":[9001],"i":[{"m":[1.0,0.0,0.0,0.0,0.0,0.89101,-0.45399,0.0,0.0,0.45399,0.89101,0.0,4.0,26.88171,-19.99023,1.0],"b":1}]},{"g":8,"c":[9001],"i":[{"m":[1.0,0.0,0.0,0.0,0.0,0.89101,-0.45399,0.0,0.0,0.45399,0.89101,0.0,4.0,15.47683,-14.17915,1.0],"b":1}]},{"g":9,"c":[9001],"i":[{"m":[1.0,0.0,0.0,0.0,0.0,0.0,-1.0,0.0,0.0,1.0,0.0,0.0,0.0,11.2,-12.0,1.0],"b":1}]},{"g":10,"c":[9001],"i":[{"m":[1.0,0.0,0.0,0.0,0.0,0.0,-1.0,0.0,0.0,1.0,0.0,0.0,8.0,11.2,-12.0,1.0],"b":1}]},{"g":11,"c":[26],"i":[{"m":[0.0,0.0,-1.0,0.0,0.0,1.0,0.0,0.0,1.0,0.0,0.0,0.0,16.0,19.2,-52.0,1.0],"b":1},{"m":[0.0,0.0,-1.0,0.0,0.0,1.0,0.0,0.0,1.0,0.0,0.0,0.0,-8.0,19.2,-52.0,1.0],"b":1}]},{"g":12,"c":[297],"i":[{"m":[-1.0,0.0,0.0,0.0,0.0,1.0,0.0,0.0,0.0,0.0,-1.0,0.0,4.0,6.4,-24.0,1.0],"b":1}]},{"g":13,"c":[9002],"i":[{"m":[-1.0,0.0,0.0,0.0,0.0,1.0,0.0,0.0,0.0,0.0,-1.0,0.0,4.0,19.2,-68.0,1.0],"b":1},{"m":[0.0,0.0,-1.0,0.0,0.0,1.0,0.0,0.0,1.0,0.0,0.0,0.0,24.0,22.4,-48.0,1.0],"b":1},{"m":[0.0,0.0,1.0,0.0,0.0,1.0,0.0,0.0,-1.0,0.0,0.0,0.0,-16.0,22.4,-48.0,1.0],"b":1}]},{"g":14,"c":[9001],"i":[{"m":[1.0,0.0,0.0,0.0,0.0,1.0,0.0,0.0,0.0,0.0,1.0,0.0,4.0,6.4,-12.0,1.0],"b":1},{"m":[-1.0,0.0,0.0,0.0,0.0,0.0,-1.0,0.0,0.0,-1.0,0.0,0.0,37.6,21.6,-57.6,1.0],"b":1},{"m":[1.0,0.0,0.0,0.0,0.0,0.0,-1.0,0.0,0.0,1.0,0.0,0.0,-29.6,21.6,-57.6,1.0],"b":1},{"m":[1.0,0.0,0.0,0.0,0.0,1.0,0.0,0.0,0.0,0.0,1.0,0.0,4.0,41.8,-12.0,1.0],"b":3}]},{"g":15,"c":[9001],"i":[{"m":[-1.0,0.0,0.0,0.0,0.0,1.0,0.0,0.0,0.0,0.0,-1.0,0.0,24.0,6.4,-68.0,1.0],"b":1},{"m":[1.0,0.0,0.0,0.0,0.0,1.0,0.0,0.0,0.0,0.0,1.0,0.0,24.0,6.4,-44.0,1.0],"b":1},{"m":[1.0,0.0,0.0,0.0,0.0,1.0,0.0,0.0,0.0,0.0,1.0,0.0,-16.0,6.4,-44.0,1.0],"b":1},{"m":[-1.0,0.0,0.0,0.0,0.0,1.0,0.0,0.0,0.0,0.0,-1.0,0.0,-16.0,6.4,-68.0,1.0],"b":1},{"m":[1.0,0.0,0.0,0.0,0.0,1.0,0.0,0.0,0.0,0.0,1.0,0.0,24.0,6.4,12.0,1.0],"b":1},{"m":[1.0,0.0,0.0,0.0,0.0,1.0,0.0,0.0,0.0,0.0,1.0,0.0,-16.0,6.4,12.0,1.0],"b":1}]},{"g":16,"c":[9001],"i":[{"m":[0.0,0.0,1.0,0.0,0.0,1.0,0.0,0.0,-1.0,0.0,0.0,0.0,-8.0,9.6,-16.0,1.0],"b":1},{"m":[0.0,0.0,1.0,0.0,0.0,1.0,0.0,0.0,-1.0,0.0,0.0,0.0,16.0,9.6,-16.0,1.0],"b":1}]},{"g":17,"c":[26],"i":[{"m":[-1.0,0.0,0.0,0.0,0.0,1.0,0.0,0.0,0.0,0.0,-1.0,0.0,-4.0,3.2,-36.0,1.0],"b":1},{"m":[-1.0,0.0,0.0,0.0,0.0,1.0,0.0,0.0,0.0,0.0,-1.0,0.0,12.0,3.2,-36.0,1.0],"b":1},{"m":[1.0,0.0,0.0,0.0,0.0,1.0,0.0,0.0,0.0,0.0,1.0,0.0,-4.0,3.2,4.0,1.0],"b":1},{"m":[1.0,0.0,0.0,0.0,0.0,1.0,0.0,0.0,0.0,0.0,1.0,0.0,12.0,3.2,4.0,1.0],"b":1}]},{"g":18,"c":[191],"i":[{"m":[0.0,0.0,-1.0,0.0,0.0,1.0,0.0,0.0,1.0,0.0,0.0,0.0,4.0,9.6,-56.0,1.0],"b":1}]},{"g":19,"c":[9001],"i":[{"m":[0.0,0.0,-1.0,0.0,0.0,1.0,0.0,0.0,1.0,0.0,0.0,0.0,4.0,3.2,44.0,1.0],"b":1},{"m":[0.0,0.0,-1.0,0.0,0.0,1.0,0.0,0.0,1.0,0.0,0.0,0.0,4.0,19.2,28.0,1.0],"b":1},{"m":[0.0,0.0,-1.0,0.0,0.0,1.0,0.0,0.0,1.0,0.0,0.0,0.0,4.0,28.8,-68.0,1.0],"b":2},{"m":[0.0,0.0,-1.0,0.0,0.0,1.0,0.0,0.0,1.0,0.0,0.0,0.0,4.0,22.4,36.0,1.0],"b":2},{"m":[0.0,0.0,-1.0,0.0,0.0,1.0,0.0,0.0,1.0,0.0,0.0,0.0,20.0,38.6,-36.0,1.0],"b":3},{"m":[0.0,0.0,-1.0,0.0,0.0,1.0,0.0,0.0,1.0,0.0,0.0,0.0,-12.0,38.6,-36.0,1.0],"b":3}]},{"g":20,"c":[9002],"i":[{"m":[-1.0,0.0,0.0,0.0,0.0,1.0,0.0,0.0,0.0,0.0,-1.0,0.0,4.0,22.4,-64.0,1.0],"b":1}]},{"g":21,"c":[9001],"i":[{"m":[-1.0,0.0,0.0,0.0,0.0,1.0,0.0,0.0,0.0,0.0,-1.0,0.0,-12.0,22.4,-60.0,1.0],"b":1},{"m":[-1.0,0.0,0.0,0.0,0.0,1.0,0.0,0.0,0.0,0.0,-1.0,0.0,20.0,22.4,-60.0,1.0],"b":1},{"m":[0.0,0.0,-1.0,0.0,0.0,1.0,0.0,0.0,1.0,0.0,0.0,0.0,24.0,22.4,-32.0,1.0],"b":1},{"m":[0.0,0.0,-1.0,0.0,0.0,1.0,0.0,0.0,1.0,0.0,0.0,0.0,-16.0,22.4,-32.0,1.0],"b":1},{"m":[0.0,0.0,-1.0,0.0,0.0,1.0,0.0,0.0,1.0,0.0,0.0,0.0,24.0,22.4,0.0,1.0],"b":1},{"m":[0.0,0.0,-1.0,0.0,0.0,1.0,0.0,0.0,1.0,0.0,0.0,0.0,-16.0,22.4,0.0,1.0],"b":1},{"m":[0.0,0.0,-1.0,0.0,1.0,0.0,0.0,0.0,0.0,-1.0,0.0,0.0,29.6,21.6,24.0,1.0],"b":1},{"m":[0.0,0.0,1.0,0.0,-1.0,0.0,0.0,0.0,0.0,-1.0,0.0,0.0,-21.6,21.6,24.0,1.0],"b":1}]},{"g":22,"c":[26],"i":[{"m":[-1.0,0.0,0.0,0.0,0.0,1.0,0.0,0.0,0.0,0.0,-1.0,0.0,4.0,6.4,48.0,1.0],"b":1},{"m":[-1.0,0.0,0.0,0.0,0.0,1.0,0.0,0.0,0.0,0.0,-1.0,0.0,4.0,6.4,-56.0,1.0],"b":1}]},{"g":23,"c":[26],"i":[{"m":[0.0,0.0,1.0,0.0,0.0,1.0,0.0,0.0,-1.0,0.0,0.0,0.0,24.0,9.6,-32.0,1.0],"b":1},{"m":[0.0,0.0,1.0,0.0,0.0,1.0,0.0,0.0,-1.0,0.0,0.0,0.0,-16.0,9.6,-32.0,1.0],"b":1}]},{"g":24,"c":[9002],"i":[{"m":[0.0,0.0,1.0,0.0,-1.0,0.0,0.0,0.0,0.0,-1.0,0.0,0.0,22.0,15.4,48.0,1.0],"b":1},{"m":[0.0,0.0,1.0,0.0,-1.0,0.0,0.0,0.0,0.0,-1.0,0.0,0.0,-14.0,15.4,48.0,1.0],"b":1},{"m":[0.0,-1.0,0.0,0.0,-1.0,0.0,0.0,0.0,0.0,0.0,-1.0,0.0,46.0,15.4,-80.0,1.0],"b":3},{"m":[0.0,-1.0,0.0,0.0,-1.0,0.0,0.0,0.0,0.0,0.0,-1.0,0.0,-38.0,15.4,-80.0,1.0],"b":3}]},{"g":25,"c":[9001],"i":[{"m":[0.0,0.0,-1.0,0.0,1.0,0.0,0.0,0.0,0.0,-1.0,0.0,0.0,11.2,15.4,48.0,1.0],"b":1},{"m":[0.0,0.0,1.0,0.0,-1.0,0.0,0.0,0.0,0.0,-1.0,0.0,0.0,-3.2,15.4,48.0,1.0],"b":1},{"m":[0.0,0.0,-1.0,0.0,1.0,0.0,0.0,0.0,0.0,-1.0,0.0,0.0,19.2,15.4,-80.0,1.0],"b":1},{"m":[0.0,0.0,1.0,0.0,-1.0,0.0,0.0,0.0,0.0,-1.0,0.0,0.0,-11.2,15.4,-80.0,1.0],"b":1}]},{"g":26,"c":[26],"i":[{"m":[0.0,0.0,1.0,0.0,0.0,1.0,0.0,0.0,-1.0,0.0,0.0,0.0,16.0,15.4,32.0,1.0],"b":1},{"m":[0.0,0.0,1.0,0.0,0.0,1.0,0.0,0.0,-1.0,0.0,0.0,0.0,-8.0,15.4,32.0,1.0],"b":1}]},{"g":27,"c":[23],"i":[{"m":[0.0,0.0,1.0,0.0,0.0,1.0,0.0,0.0,-1.0,0.0,0.0,0.0,-4.0,15.4,16.0,1.0],"b":1},{"m":[0.0,0.0,-1.0,0.0,0.0,1.0,0.0,0.0,1.0,0.0,0.0,0.0,12.0,15.4,16.0,1.0],"b":1}]},{"g":28,"c":[9001],"i":[{"m":[0.0,-1.0,0.0,0.0,1.0,0.0,0.0,0.0,0.0,0.0,1.0,0.0,29.6,9.6,-36.0,1.0],"b":1},{"m":[0.0,-1.0,0.0,0.0,-1.0,0.0,0.0,0.0,0.0,0.0,-1.0,0.0,-21.6,17.6,12.0,1.0],"b":1}]},{"g":29,"c":[9001],"i":[{"m":[0.0,1.0,0.0,0.0,1.0,0.0,0.0,0.0,0.0,0.0,-1.0,0.0,29.6,17.6,12.0,1.0],"b":1},{"m":[0.0,1.0,0.0,0.0,-1.0,0.0,0.0,0.0,0.0,0.0,1.0,0.0,-21.6,9.6,-36.0,1.0],"b":1}]},{"g":30,"c":[26],"i":[{"m":[-1.0,0.0,0.0,0.0,0.0,1.0,0.0,0.0,0.0,0.0,-1.0,0.0,4.0,5.8,12.0,1.0],"b":1},{"m":[0.0,0.0,1.0,0.0,0.0,1.0,0.0,0.0,-1.0,0.0,0.0,0.0,-16.0,19.2,-16.0,1.0],"b":1},{"m":[0.0,0.0,1.0,0.0,0.0,1.0,0.0,0.0,-1.0,0.0,0.0,0.0,24.0,19.2,-16.0,1.0],"b":1},{"m":[-1.0,0.0,0.0,0.0,0.0,1.0,0.0,0.0,0.0,0.0,-1.0,0.0,4.0,19.2,12.0,1.0],"b":1},{"m":[1.0,0.0,0.0,0.0,0.0,1.0,0.0,0.0,0.0,0.0,1.0,0.0,4.0,28.8,-52.0,1.0],"b":2}]},{"g":31,"c":[26],"i":[{"m":[0.0,0.0,1.0,0.0,0.0,1.0,0.0,0.0,-1.0,0.0,0.0,0.0,4.0,15.4,40.0,1.0],"b":1},{"m":[0.0,0.0,1.0,0.0,0.0,1.0,0.0,0.0,-1.0,0.0,0.0,0.0,4.0,15.4,24.0,1.0],"b":1},{"m":[0.0,0.0,1.0,0.0,0.0,1.0,0.0,0.0,-1.0,0.0,0.0,0.0,-4.0,15.4,32.0,1.0],"b":1},{"m":[0.0,0.0,1.0,0.0,0.0,1.0,0.0,0.0,-1.0,0.0,0.0,0.0,12.0,15.4,32.0,1.0],"b":1},{"m":[0.0,0.0,1.0,0.0,0.0,1.0,0.0,0.0,-1.0,0.0,0.0,0.0,20.0,15.4,-72.0,1.0],"b":1},{"m":[0.0,0.0,1.0,0.0,0.0,1.0,0.0,0.0,-1.0,0.0,0.0,0.0,-12.0,15.4,-72.0,1.0],"b":1}]},{"g":32,"c":[9001],"i":[{"m":[0.0,0.0,1.0,0.0,0.0,1.0,0.0,0.0,-1.0,0.0,0.0,0.0,-8.0,6.4,-16.0,1.0],"b":1},{"m":[0.0,0.0,1.0,0.0,0.0,1.0,0.0,0.0,-1.0,0.0,0.0,0.0,16.0,6.4,-16.0,1.0],"b":1},{"m":[0.0,0.0,-1.0,0.0,0.0,1.0,0.0,0.0,1.0,0.0,0.0,0.0,24.0,25.6,-16.0,1.0],"b":2},{"m":[0.0,0.0,1.0,0.0,0.0,1.0,0.0,0.0,-1.0,0.0,0.0,0.0,-16.0,25.6,-16.0,1.0],"b":2}]},{"g":33,"c":[9001],"i":[{"m":[-1.0,0.0,0.0,0.0,0.0,0.0,-1.0,0.0,0.0,-1.0,0.0,0.0,4.0,10.4,-73.6,1.0],"b":1},{"m":[1.0,0.0,0.0,0.0,0.0,0.0,-1.0,0.0,0.0,1.0,0.0,0.0,4.0,18.4,-73.6,1.0],"b":1}]},{"g":34,"c":[9002],"i":[{"m":[0.0,0.0,1.0,0.0,0.0,1.0,0.0,0.0,-1.0,0.0,0.0,0.0,0.0,9.6,32.0,1.0],"b":1},{"m":[0.0,0.0,1.0,0.0,0.0,1.0,0.0,0.0,-1.0,0.0,0.0,0.0,8.0,9.6,32.0,1.0],"b":1}]},{"g":35,"c":[41],"i":[{"m":[-1.0,0.0,0.0,0.0,0.0,1.0,0.0,0.0,0.0,0.0,-1.0,0.0,24.0,6.4,-84.0,1.0],"b":1},{"m":[-1.0,0.0,0.0,0.0,0.0,1.0,0.0,0.0,0.0,0.0,-1.0,0.0,-16.0,6.4,-84.0,1.0],"b":1},{"m":[0.0,0.0,-1.0,0.0,1.0,0.0,0.0,0.0,0.0,-1.0,0.0,0.0,29.6,13.6,-44.0,1.0],"b":1},{"m":[0.0,0.0,1.0,0.0,-1.0,0.0,0.0,0.0,0.0,-1.0,0.0,0.0,-21.6,13.6,-44.0,1.0],"b":1}]},{"g":36,"c":[9002],"i":[{"m":[1.0,0.0,0.0,0.0,0.0,1.0,0.0,0.0,0.0,0.0,1.0,0.0,24.0,19.2,20.0,1.0],"b":1},{"m":[1.0,0.0,0.0,0.0,0.0,1.0,0.0,0.0,0.0,0.0,1.0,0.0,-16.0,19.2,20.0,1.0],"b":1}]},{"g":37,"c":[9001],"i":[{"m":[1.0,0.0,0.0,0.0,0.0,1.0,0.0,0.0,0.0,0.0,1.0,0.0,4.0,6.4,68.0,1.0],"b":1}]},{"g":38,"c":[9001],"i":[{"m":[0.0,0.0,1.0,0.0,0.0,1.0,0.0,0.0,-1.0,0.0,0.0,0.0,16.0,15.4,-76.0,1.0],"b":1},{"m":[0.0,0.0,1.0,0.0,0.0,1.0,0.0,0.0,-1.0,0.0,0.0,0.0,-8.0,15.4,-76.0,1.0],"b":1}]},{"g":39,"c":[26],"i":[{"m":[-1.0,0.0,0.0,0.0,0.0,1.0,0.0,0.0,0.0,0.0,-1.0,0.0,4.0,6.4,-4.0,1.0],"b":1}]},{"g":40,"c":[9001],"i":[{"m":[0.0,0.0,-1.0,0.0,0.0,1.0,0.0,0.0,1.0,0.0,0.0,0.0,24.0,22.4,-16.0,1.0],"b":1},{"m":[0.0,0.0,-1.0,0.0,0.0,1.0,0.0,0.0,1.0,0.0,0.0,0.0,24.0,22.4,16.0,1.0],"b":1},{"m":[0.0,0.0,1.0,0.0,0.0,1.0,0.0,0.0,-1.0,0.0,0.0,0.0,-16.0,22.4,-16.0,1.0],"b":1},{"m":[0.0,0.0,1.0,0.0,0.0,1.0,0.0,0.0,-1.0,0.0,0.0,0.0,-16.0,22.4,16.0,1.0],"b":1}]},{"g":41,"c":[9001],"i":[{"m":[0.0,1.0,0.0,0.0,1.0,0.0,0.0,0.0,0.0,0.0,-1.0,0.0,29.6,17.6,-52.0,1.0],"b":1},{"m":[0.0,-1.0,0.0,0.0,-1.0,0.0,0.0,0.0,0.0,0.0,-1.0,0.0,-21.6,17.6,-52.0,1.0],"b":1}]},{"g":42,"c":[26],"i":[{"m":[-1.0,0.0,0.0,0.0,0.0,1.0,0.0,0.0,0.0,0.0,-1.0,0.0,4.0,25.6,4.0,1.0],"b":2}]},{"g":43,"c":[9001],"i":[{"m":[-1.0,0.0,0.0,0.0,0.0,1.0,0.0,0.0,0.0,0.0,-1.0,0.0,8.0,25.6,-68.0,1.0],"b":2},{"m":[-1.0,0.0,0.0,0.0,0.0,1.0,0.0,0.0,0.0,0.0,-1.0,0.0,0.0,25.6,-68.0,1.0],"b":2}]},{"g":44,"c":[9001],"i":[{"m":[1.0,0.0,0.0,0.0,0.0,1.0,0.0,0.0,0.0,0.0,1.0,0.0,4.0,25.6,-40.0,1.0],"b":2}]},{"g":45,"c":[9001],"i":[{"m":[1.0,0.0,0.0,0.0,0.0,1.0,0.0,0.0,0.0,0.0,1.0,0.0,4.0,22.4,64.0,1.0],"b":2}]},{"g":46,"c":[9001],"i":[{"m":[0.0,0.0,1.0,0.0,0.0,1.0,0.0,0.0,-1.0,0.0,0.0,0.0,-12.0,25.6,8.0,1.0],"b":2},{"m":[1.0,0.0,0.0,0.0,0.0,1.0,0.0,0.0,0.0,0.0,1.0,0.0,20.0,25.6,8.0,1.0],"b":2}]},{"g":47,"c":[40],"i":[{"m":[1.0,0.0,0.0,0.0,0.0,1.0,0.0,0.0,0.0,0.0,1.0,0.0,-12.0,22.4,52.0,1.0],"b":2},{"m":[1.0,0.0,0.0,0.0,0.0,1.0,0.0,0.0,0.0,0.0,1.0,0.0,20.0,22.4,52.0,1.0],"b":2}]},{"g":48,"c":[9001],"i":[{"m":[1.0,0.0,0.0,0.0,0.0,1.0,0.0,0.0,0.0,0.0,1.0,0.0,0.0,22.4,48.0,1.0],"b":2}]},{"g":49,"c":[9001],"i":[{"m":[1.0,0.0,0.0,0.0,0.0,1.0,0.0,0.0,0.0,0.0,1.0,0.0,8.0,22.4,48.0,1.0],"b":2}]},{"g":50,"c":[9001],"i":[{"m":[1.0,0.0,0.0,0.0,0.0,1.0,0.0,0.0,0.0,0.0,1.0,0.0,4.0,35.2,-56.0,1.0],"b":2}]},{"g":51,"c":[9001],"i":[{"m":[1.0,0.0,0.0,0.0,0.0,1.0,0.0,0.0,0.0,0.0,1.0,0.0,4.0,19.2,56.0,1.0],"b":2}]},{"g":52,"c":[9001],"i":[{"m":[0.0,1.0,0.0,0.0,-1.0,0.0,0.0,0.0,0.0,0.0,1.0,0.0,-20.0,29.6,-40.0,1.0],"b":2},{"m":[0.0,-1.0,0.0,0.0,1.0,0.0,0.0,0.0,0.0,0.0,1.0,0.0,29.6,21.6,-36.0,1.0],"b":2}]},{"g":53,"c":[9001],"i":[{"m":[0.0,1.0,0.0,0.0,-1.0,0.0,0.0,0.0,0.0,0.0,1.0,0.0,-21.6,21.6,-36.0,1.0],"b":2},{"m":[0.0,-1.0,0.0,0.0,1.0,0.0,0.0,0.0,0.0,0.0,1.0,0.0,28.0,29.6,-40.0,1.0],"b":2}]},{"g":54,"c":[9001],"i":[{"m":[-1.0,0.0,0.0,0.0,0.0,1.0,0.0,0.0,0.0,0.0,-1.0,0.0,-16.0,32.0,-52.0,1.0],"b":2},{"m":[-1.0,0.0,0.0,0.0,0.0,1.0,0.0,0.0,0.0,0.0,-1.0,0.0,24.0,32.0,-52.0,1.0],"b":2}]},{"g":55,"c":[9001],"i":[{"m":[-1.0,0.0,0.0,0.0,0.0,1.0,0.0,0.0,0.0,0.0,-1.0,0.0,4.0,25.6,-44.0,1.0],"b":2},{"m":[0.0,0.0,1.0,0.0,0.0,1.0,0.0,0.0,-1.0,0.0,0.0,0.0,-8.0,32.0,-56.0,1.0],"b":2},{"m":[0.0,0.0,1.0,0.0,0.0,1.0,0.0,0.0,-1.0,0.0,0.0,0.0,16.0,32.0,-56.0,1.0],"b":2},{"m":[1.0,0.0,0.0,0.0,0.0,1.0,0.0,0.0,0.0,0.0,1.0,0.0,4.0,12.8,60.0,1.0],"b":2},{"m":[1.0,0.0,0.0,0.0,0.0,1.0,0.0,0.0,0.0,0.0,1.0,0.0,4.0,16.0,60.0,1.0],"b":2},{"m":[1.0,0.0,0.0,0.0,0.0,1.0,0.0,0.0,0.0,0.0,1.0,0.0,-12.0,22.4,44.0,1.0],"b":2},{"m":[1.0,0.0,0.0,0.0,0.0,1.0,0.0,0.0,0.0,0.0,1.0,0.0,20.0,22.4,44.0,1.0],"b":2}]},{"g":56,"c":[9001],"i":[{"m":[-1.0,0.0,0.0,0.0,0.0,1.0,0.0,0.0,0.0,0.0,-1.0,0.0,4.0,25.6,-56.0,1.0],"b":2},{"m":[0.0,0.0,-1.0,0.0,0.0,1.0,0.0,0.0,1.0,0.0,0.0,0.0,4.0,32.0,-72.0,1.0],"b":2}]},{"g":57,"c":[9001],"i":[{"m":[-1.0,0.0,0.0,0.0,0.0,1.0,0.0,0.0,0.0,0.0,-1.0,0.0,-16.0,19.2,-76.0,1.0],"b":2},{"m":[-1.0,0.0,0.0,0.0,0.0,1.0,0.0,0.0,0.0,0.0,-1.0,0.0,24.0,19.2,-76.0,1.0],"b":2}]},{"g":58,"c":[9001],"i":[{"m":[1.0,0.0,0.0,0.0,0.0,1.0,0.0,0.0,0.0,0.0,1.0,0.0,-4.0,25.6,28.0,1.0],"b":2},{"m":[-0.92388,0.38268,0.0,0.0,0.38268,0.92388,0.0,0.0,0.0,0.0,-1.0,0.0,20.61729,39.90332,-84.0,1.0],"b":3},{"m":[0.65328,-0.2706,-0.70711,0.0,0.38268,0.92388,0.0,0.0,0.65328,-0.2706,0.70711,0.0,29.68125,39.61255,-55.51472,1.0],"b":3}]},{"g":59,"c":[9001],"i":[{"m":[1.0,0.0,0.0,0.0,0.0,1.0,0.0,0.0,0.0,0.0,1.0,0.0,12.0,25.6,28.0,1.0],"b":2},{"m":[-0.92388,-0.38268,0.0,0.0,-0.38268,0.92388,0.0,0.0,0.0,0.0,-1.0,0.0,-12.61729,39.90332,-84.0,1.0],"b":3},{"m":[0.65328,0.2706,0.70711,0.0,-0.38268,0.92388,0.0,0.0,-0.65328,-0.2706,0.70711,0.0,-21.68125,39.61255,-55.51472,1.0],"b":3}]},{"g":60,"c":[9001],"i":[{"m":[-1.0,0.0,0.0,0.0,0.0,1.0,0.0,0.0,0.0,0.0,-1.0,0.0,-16.0,28.8,-68.0,1.0],"b":2},{"m":[-1.0,0.0,0.0,0.0,0.0,1.0,0.0,0.0,0.0,0.0,-1.0,0.0,24.0,28.8,-68.0,1.0],"b":2},{"m":[1.0,0.0,0.0,0.0,0.0,1.0,0.0,0.0,0.0,0.0,1.0,0.0,4.0,25.6,64.0,1.0],"b":2}]},{"g":61,"c":[9001],"i":[{"m":[0.0,0.0,-1.0,0.0,0.0,1.0,0.0,0.0,1.0,0.0,0.0,0.0,20.0,28.8,-60.0,1.0],"b":2},{"m":[0.0,0.0,1.0,0.0,0.0,1.0,0.0,0.0,-1.0,0.0,0.0,0.0,-12.0,28.8,-60.0,1.0],"b":2},{"m":[1.0,0.0,0.0,0.0,0.0,1.0,0.0,0.0,0.0,0.0,1.0,0.0,-8.0,38.4,-56.0,1.0],"b":2},{"m":[1.0,0.0,0.0,0.0,0.0,1.0,0.0,0.0,0.0,0.0,1.0,0.0,16.0,38.4,-56.0,1.0],"b":2}]},{"g":62,"c":[9001],"i":[{"m":[-1.0,0.0,0.0,0.0,0.0,0.0,-1.0,0.0,0.0,-1.0,0.0,0.0,9.6,31.4,59.5,1.0],"b":2},{"m":[-1.0,0.0,0.0,0.0,0.0,0.0,-1.0,0.0,0.0,-1.0,0.0,0.0,-1.8,31.4,59.5,1.0],"b":2}]},{"g":63,"c":[26],"i":[{"m":[1.0,0.0,0.0,0.0,0.0,1.0,0.0,0.0,0.0,0.0,1.0,0.0,4.0,31.4,59.5,1.0],"b":2}]},{"g":64,"c":[9001],"i":[{"m":[-1.0,0.0,0.0,0.0,0.0,1.0,0.0,0.0,0.0,0.0,-1.0,0.0,4.0,38.4,-56.0,1.0],"b":2}]},{"g":65,"c":[375],"i":[{"m":[0.0,0.0,1.0,0.0,0.0,1.0,0.0,0.0,-1.0,0.0,0.0,0.0,24.0,28.8,-24.0,1.0],"b":2},{"m":[0.0,0.0,-1.0,0.0,0.0,1.0,0.0,0.0,1.0,0.0,0.0,0.0,-16.0,28.8,-24.0,1.0],"b":2}]},{"g":66,"c":[9001],"i":[{"m":[1.0,0.0,0.0,0.0,0.0,1.0,0.0,0.0,0.0,0.0,1.0,0.0,16.0,25.6,48.0,1.0],"b":2},{"m":[1.0,0.0,0.0,0.0,0.0,1.0,0.0,0.0,0.0,0.0,1.0,0.0,24.0,25.6,48.0,1.0],"b":2},{"m":[1.0,0.0,0.0,0.0,0.0,1.0,0.0,0.0,0.0,0.0,1.0,0.0,-16.0,25.6,48.0,1.0],"b":2},{"m":[1.0,0.0,0.0,0.0,0.0,1.0,0.0,0.0,0.0,0.0,1.0,0.0,-8.0,25.6,48.0,1.0],"b":2}]},{"g":67,"c":[9001],"i":[{"m":[1.0,0.0,0.0,0.0,0.0,1.0,0.0,0.0,0.0,0.0,1.0,0.0,-8.0,22.4,64.0,1.0],"b":2},{"m":[1.0,0.0,0.0,0.0,0.0,1.0,0.0,0.0,0.0,0.0,1.0,0.0,16.0,22.4,64.0,1.0],"b":2}]},{"g":68,"c":[375],"i":[{"m":[1.0,0.0,0.0,0.0,0.0,1.0,0.0,0.0,0.0,0.0,1.0,0.0,4.0,28.8,4.0,1.0],"b":2}]},{"g":69,"c":[9001],"i":[{"m":[0.0,0.0,1.0,0.0,0.0,1.0,0.0,0.0,-1.0,0.0,0.0,0.0,24.0,32.0,-40.0,1.0],"b":2},{"m":[0.0,0.0,-1.0,0.0,0.0,1.0,0.0,0.0,1.0,0.0,0.0,0.0,-16.0,32.0,-40.0,1.0],"b":2},{"m":[1.0,0.0,0.0,0.0,0.0,1.0,0.0,0.0,0.0,0.0,1.0,0.0,4.0,25.6,12.0,1.0],"b":2}]},{"g":70,"c":[26],"i":[{"m":[1.0,0.0,0.0,0.0,0.0,-1.0,0.0,0.0,0.0,0.0,-1.0,0.0,4.0,35.3,-4.0,1.0],"b":2}]},{"g":71,"c":[26],"i":[{"m":[0.0,0.0,1.0,0.0,0.0,1.0,0.0,0.0,-1.0,0.0,0.0,0.0,-12.0,25.6,-40.0,1.0],"b":2},{"m":[0.0,0.0,-1.0,0.0,0.0,1.0,0.0,0.0,1.0,0.0,0.0,0.0,20.0,25.6,-40.0,1.0],"b":2}]},{"g":72,"c":[26],"i":[{"m":[0.0,0.0,-1.0,0.0,1.0,0.0,0.0,0.0,0.0,-1.0,0.0,0.0,29.6,21.6,-12.0,1.0],"b":3},{"m":[0.0,0.0,1.0,0.0,-1.0,0.0,0.0,0.0,0.0,-1.0,0.0,0.0,-21.6,21.6,-12.0,1.0],"b":3}]},{"g":73,"c":[9001],"i":[{"m":[1.0,0.0,0.0,0.0,0.0,1.0,0.0,0.0,0.0,0.0,1.0,0.0,4.0,38.6,-8.0,1.0],"b":3}]},{"g":74,"c":[9002],"i":[{"m":[0.0,0.0,-1.0,0.0,0.0,-1.0,0.0,0.0,-1.0,0.0,0.0,0.0,-17.6,8.4,-12.0,1.0],"b":3}]},{"g":75,"c":[26],"i":[{"m":[0.65328,0.2706,-0.70711,0.0,-0.38268,0.92388,0.0,0.0,0.65328,0.2706,0.70711,0.0,-12.61729,39.90332,-64.0,1.0],"b":3},{"m":[0.92388,-0.38268,0.0,0.0,0.38268,0.92388,0.0,0.0,0.0,0.0,1.0,0.0,20.61729,39.90332,-64.0,1.0],"b":3}]},{"g":76,"c":[26],"i":[{"m":[0.92388,0.38268,0.0,0.0,-0.38268,0.92388,0.0,0.0,0.0,0.0,1.0,0.0,-12.61729,39.90332,-64.0,1.0],"b":3},{"m":[0.65328,-0.2706,0.70711,0.0,0.38268,0.92388,0.0,0.0,-0.65328,0.2706,0.70711,0.0,20.61729,39.90332,-64.0,1.0],"b":3}]},{"g":77,"c":[9001],"i":[{"m":[-0.92388,-0.38268,0.0,0.0,-0.38268,0.92388,0.0,0.0,0.0,0.0,-1.0,0.0,-6.45084,45.9212,-92.0,1.0],"b":3},{"m":[0.92388,0.38268,0.0,0.0,-0.38268,0.92388,0.0,0.0,0.0,0.0,1.0,0.0,-6.45084,45.9212,-68.0,1.0],"b":3},{"m":[-0.92388,0.38268,0.0,0.0,0.38268,0.92388,0.0,0.0,0.0,0.0,-1.0,0.0,14.45084,45.9212,-92.0,1.0],"b":3},{"m":[0.92388,-0.38268,0.0,0.0,0.38268,0.92388,0.0,0.0,0.0,0.0,1.0,0.0,14.45084,45.9212,-68.0,1.0],"b":3}]},{"g":78,"c":[9001],"i":[{"m":[1.0,0.0,0.0,0.0,0.0,1.0,0.0,0.0,0.0,0.0,1.0,0.0,36.0,19.15,68.0,1.0],"b":3},{"m":[1.0,0.0,0.0,0.0,0.0,1.0,0.0,0.0,0.0,0.0,1.0,0.0,-28.0,19.15,68.0,1.0],"b":3}]},{"g":79,"c":[9001],"i":[{"m":[1.0,0.0,0.0,0.0,0.0,0.0,-1.0,0.0,0.0,1.0,0.0,0.0,24.0,34.6,-73.0,1.0],"b":3},{"m":[1.0,0.0,0.0,0.0,0.0,0.0,-1.0,0.0,0.0,1.0,0.0,0.0,-16.0,34.6,-73.0,1.0],"b":3}]},{"g":80,"c":[9001],"i":[{"m":[0.0,0.0,-1.0,0.0,0.0,1.0,0.0,0.0,1.0,0.0,0.0,0.0,8.0,35.2,-72.0,1.0],"b":3},{"m":[0.0,0.0,1.0,0.0,0.0,1.0,0.0,0.0,-1.0,0.0,0.0,0.0,0.0,35.2,-72.0,1.0],"b":3},{"m":[0.0,0.0,-1.0,0.0,0.0,1.0,0.0,0.0,1.0,0.0,0.0,0.0,8.0,35.2,-88.0,1.0],"b":3},{"m":[0.0,0.0,1.0,0.0,0.0,1.0,0.0,0.0,-1.0,0.0,0.0,0.0,0.0,35.2,-88.0,1.0],"b":3}]},{"g":35,"c":[9001],"i":[{"m":[0.92388,0.38268,0.0,0.0,-0.38268,0.92388,0.0,0.0,0.0,0.0,1.0,0.0,-1.53073,44.49552,-76.0,1.0],"b":3},{"m":[0.92388,0.38268,0.0,0.0,-0.38268,0.92388,0.0,0.0,0.0,0.0,1.0,0.0,-1.53073,44.49552,-84.0,1.0],"b":3},{"m":[0.92388,0.38268,0.0,0.0,-0.38268,0.92388,0.0,0.0,0.0,0.0,1.0,0.0,-1.53073,44.49552,-92.0,1.0],"b":3},{"m":[0.0,0.0,-1.0,0.0,0.38268,0.92388,0.0,0.0,0.92388,-0.38268,0.0,0.0,9.53073,44.49552,-76.0,1.0],"b":3},{"m":[0.0,0.0,-1.0,0.0,0.38268,0.92388,0.0,0.0,0.92388,-0.38268,0.0,0.0,9.53073,44.49552,-84.0,1.0],"b":3},{"m":[0.0,0.0,-1.0,0.0,0.38268,0.92388,0.0,0.0,0.92388,-0.38268,0.0,0.0,9.53073,44.49552,-92.0,1.0],"b":3}]},{"g":81,"c":[26],"i":[{"m":[0.0,0.0,-1.0,0.0,1.0,0.0,0.0,0.0,0.0,-1.0,0.0,0.0,29.6,13.6,-12.0,1.0],"b":3},{"m":[0.0,0.0,1.0,0.0,-1.0,0.0,0.0,0.0,0.0,-1.0,0.0,0.0,-21.6,13.6,-12.0,1.0],"b":3}]},{"g":82,"c":[9001],"i":[{"m":[0.32557,-0.94552,0.0,0.0,0.0,0.0,1.0,0.0,-0.94552,-0.32557,0.0,0.0,24.0,34.6,-79.2,1.0],"b":3},{"m":[1.0,0.0,0.0,0.0,0.0,-1.0,0.0,0.0,0.0,0.0,-1.0,0.0,-44.0,15.4,-72.0,1.0],"b":3},{"m":[1.0,0.0,0.0,0.0,0.0,-1.0,0.0,0.0,0.0,0.0,-1.0,0.0,52.0,15.4,-72.0,1.0],"b":3},{"m":[0.0,0.85717,0.51504,0.0,-1.0,0.0,0.0,0.0,0.0,-0.51504,0.85717,0.0,-28.0,21.55,76.0,1.0],"b":3},{"m":[0.0,-0.85717,-0.51504,0.0,1.0,0.0,0.0,0.0,0.0,-0.51504,0.85717,0.0,36.0,21.55,76.0,1.0],"b":3}]},{"g":83,"c":[9001],"i":[{"m":[0.70711,0.0,0.70711,0.0,0.0,1.0,0.0,0.0,-0.70711,0.0,0.70711,0.0,24.0,28.8,28.0,1.0],"b":3},{"m":[-0.70711,0.0,0.70711,0.0,0.0,1.0,0.0,0.0,-0.70711,0.0,-0.70711,0.0,-16.0,28.8,28.0,1.0],"b":3}]},{"g":84,"c":[9001],"i":[{"m":[1.0,0.0,0.0,0.0,0.0,1.0,0.0,0.0,0.0,0.0,1.0,0.0,4.0,41.8,-32.0,1.0],"b":3}]},{"g":85,"c":[26],"i":[{"m":[1.0,0.0,0.0,0.0,0.0,1.0,0.0,0.0,0.0,0.0,1.0,0.0,-28.0,15.4,-80.0,1.0],"b":3},{"m":[-1.0,0.0,0.0,0.0,0.0,1.0,0.0,0.0,0.0,0.0,-1.0,0.0,36.0,15.4,-80.0,1.0],"b":3}]},{"g":86,"c":[26],"i":[{"m":[-1.0,0.0,0.0,0.0,0.0,1.0,0.0,0.0,0.0,0.0,-1.0,0.0,36.0,15.4,48.0,1.0],"b":3},{"m":[1.0,0.0,0.0,0.0,0.0,1.0,0.0,0.0,0.0,0.0,1.0,0.0,-28.0,15.4,48.0,1.0],"b":3}]},{"g":87,"c":[26],"i":[{"m":[1.0,0.0,0.0,0.0,0.0,1.0,0.0,0.0,0.0,0.0,1.0,0.0,36.0,15.4,-80.0,1.0],"b":3},{"m":[-1.0,0.0,0.0,0.0,0.0,1.0,0.0,0.0,0.0,0.0,-1.0,0.0,-28.0,15.4,-80.0,1.0],"b":3}]},{"g":88,"c":[9002],"i":[{"m":[-1.0,0.0,0.0,0.0,0.0,1.0,0.0,0.0,0.0,0.0,-1.0,0.0,-8.0,41.8,-40.0,1.0],"b":3},{"m":[-1.0,0.0,0.0,0.0,0.0,1.0,0.0,0.0,0.0,0.0,-1.0,0.0,16.0,41.8,-40.0,1.0],"b":3}]},{"g":89,"c":[9002],"i":[{"m":[0.0,0.0,1.0,0.0,-0.38268,0.92388,0.0,0.0,-0.92388,-0.38268,0.0,0.0,0.0,40.8,-72.0,1.0],"b":3},{"m":[0.0,0.0,-1.0,0.0,0.38268,0.92388,0.0,0.0,0.92388,-0.38268,0.0,0.0,8.0,40.8,-72.0,1.0],"b":3},{"m":[0.0,0.0,-1.0,0.0,0.38268,0.92388,0.0,0.0,0.92388,-0.38268,0.0,0.0,8.0,40.8,-88.0,1.0],"b":3},{"m":[0.0,0.0,1.0,0.0,-0.38268,0.92388,0.0,0.0,-0.92388,-0.38268,0.0,0.0,0.0,40.8,-88.0,1.0],"b":3}]},{"g":90,"c":[9001],"i":[{"m":[1.0,0.0,0.0,0.0,0.0,1.0,0.0,0.0,0.0,0.0,1.0,0.0,36.0,12.75,72.0,1.0],"b":3},{"m":[1.0,0.0,0.0,0.0,0.0,1.0,0.0,0.0,0.0,0.0,1.0,0.0,-28.0,12.75,72.0,1.0],"b":3}]},{"g":91,"c":[26],"i":[{"m":[1.0,0.0,0.0,0.0,0.0,1.0,0.0,0.0,0.0,0.0,1.0,0.0,-28.0,15.4,48.0,1.0],"b":3},{"m":[-1.0,0.0,0.0,0.0,0.0,1.0,0.0,0.0,0.0,0.0,-1.0,0.0,36.0,15.4,48.0,1.0],"b":3}]},{"g":92,"c":[26],"i":[{"m":[-1.0,0.0,0.0,0.0,0.0,0.4382,0.89888,0.0,0.0,0.89888,-0.4382,0.0,35.4,11.56419,-17.07351,1.0],"b":3},{"m":[-1.0,0.0,0.0,0.0,0.0,0.4382,0.89888,0.0,0.0,0.89888,-0.4382,0.0,-27.6,11.56419,-17.07351,1.0],"b":3}]},{"g":93,"c":[9001],"i":[{"m":[-0.70711,0.0,0.70711,0.0,0.0,1.0,0.0,0.0,-0.70711,0.0,-0.70711,0.0,24.0,28.8,28.0,1.0],"b":3},{"m":[-0.70711,0.0,-0.70711,0.0,0.0,1.0,0.0,0.0,0.70711,0.0,-0.70711,0.0,-16.0,28.8,28.0,1.0],"b":3}]},{"g":94,"c":[9001],"i":[{"m":[0.0,-1.0,0.0,0.0,0.0,0.0,1.0,0.0,-1.0,0.0,0.0,0.0,-44.0,15.4,-80.0,1.0],"b":3},{"m":[0.0,-1.0,0.0,0.0,0.0,0.0,1.0,0.0,-1.0,0.0,0.0,0.0,52.0,15.4,-80.0,1.0],"b":3}]}]}